batch_size: 128
epochs: 200
lr: 0.1
weight_decay: 0.0005
momentum: 0.9
lr_decay: 0.1
patience: 10
seeds: [139937, 973000, 663829]
labelled_proportions: [1.0, 0.5, 0.25, 0.08889]   # 0.08889 x 45,000 = 4000 labels